%YAML:1.0
---
aruco_bc_dict: ARUCO_MIP_36h12
aruco_bc_nmarkers: 24
aruco_bc_mInfoType: 1
aruco_bc_markers:
   - { id:6, corners:[ [ 1.2545807287096977e-02, 5.2651610225439072e-02,
       1.9837510772049427e-03 ], [ 3.0529638752341270e-02,
       5.2503120154142380e-02, 2.7318811044096947e-03 ], [
       3.0406719073653221e-02, 3.4514073282480240e-02,
       2.1162121556699276e-03 ], [ 1.2422887608408928e-02,
       3.4662563353776932e-02, 1.3680822448804975e-03 ] ] }
   - { id:7, corners:[ [ -3.0584551393985748e-02, 9.0485513210296631e-03,
       4.5856973156332970e-04 ], [ -1.2605107389390469e-02,
       9.0714655816555023e-03, -4.0111946873366833e-04 ], [
       -1.2580298818647861e-02, -8.9284740388393402e-03,
       -3.6205304786562920e-04 ], [ -3.0559740960597992e-02,
       -8.9513882994651794e-03, 4.9763615243136883e-04 ] ] }
   - { id:13, corners:[ [ 1.2466567568480968e-02, 3.0776601284742355e-02,
       1.0887174867093563e-03 ], [ 3.0445389449596405e-02,
       3.0704589560627937e-02, 1.9586463458836079e-03 ], [
       3.0385229736566544e-02, 1.2706380337476730e-02,
       1.7120584379881620e-03 ], [ 1.2406409718096256e-02,
       1.2778392061591148e-02, 8.4212969522923231e-04 ] ] }
   - { id:78, corners:[ [ -5.2436303347349167e-02,
       3.0996993184089661e-02, 1.7356056487187743e-03 ], [
       -3.4462772309780121e-02, 3.1079933047294617e-02,
       7.6338258804753423e-04 ], [ -3.4391667693853378e-02,
       1.3081432320177555e-02, 5.4239958990365267e-04 ], [
       -5.2365198731422424e-02, 1.2998490594327450e-02,
       1.5146227087825537e-03 ] ] }
   - { id:85, corners:[ [ -8.7589183822274208e-03,
       -3.4789688885211945e-02, -3.0146649805828929e-05 ], [
       9.2408796772360802e-03, -3.4715879708528519e-02,
       1.2403324944898486e-05 ], [ 9.3130534514784813e-03,
       -5.2703268826007843e-02, 6.8211334291845560e-04 ], [
       -8.6867446079850197e-03, -5.2777078002691269e-02,
       6.3956330996006727e-04 ] ] }
   - { id:86, corners:[ [ -8.5065485909581184e-03,
       7.5443319976329803e-02, 1.5461450675502419e-03 ], [
       9.4865998253226280e-03, 7.5349040329456329e-02,
       2.0336646120995283e-03 ], [ 9.4170356169342995e-03,
       5.7372145354747772e-02, 1.1245332425460219e-03 ], [
       -8.5761127993464470e-03, 5.7466428726911545e-02,
       6.3701363978907466e-04 ] ] }
   - { id:90, corners:[ [ -8.9299427345395088e-03,
       -1.2882580980658531e-02, -9.5198316557798535e-05 ], [
       9.0699801221489906e-03, -1.2836126610636711e-02,
       -7.0617206802126020e-05 ], [ 9.1162500903010368e-03,
       -3.0835563316941261e-02, 6.4045751059893519e-05 ], [
       -8.8836727663874626e-03, -3.0882017686963081e-02,
       3.9464641304221004e-05 ] ] }
   - { id:93, corners:[ [ -3.0267270281910896e-02,
       7.5364850461483002e-02, 1.7347055254504085e-03 ], [
       -1.2282239273190498e-02, 7.5384937226772308e-02,
       1.0010376572608948e-03 ], [ -1.2292562052607536e-02,
       5.7400383055210114e-02, 2.5564793031662703e-04 ], [
       -3.0277593061327934e-02, 5.7380296289920807e-02,
       9.8931579850614071e-04 ] ] }
   - { id:100, corners:[ [ -8.9426133781671524e-03,
       5.2888758480548859e-02, 1.5057319542393088e-03 ], [
       9.0571083128452301e-03, 5.2788734436035156e-02,
       1.5046286862343550e-03 ], [ 8.9571122080087662e-03,
       3.4801542758941650e-02, 8.3313824143260717e-04 ], [
       -9.0426094830036163e-03, 3.4901566803455353e-02,
       8.3424150943756104e-04 ] ] }
   - { id:143, corners:[ [ -8.9999996125698090e-03,
       8.9999996125698090e-03, 0. ], [ 8.9999996125698090e-03,
       8.9999996125698090e-03, 0. ], [ 8.9999996125698090e-03,
       -8.9999996125698090e-03, 0. ], [ -8.9999996125698090e-03,
       -8.9999996125698090e-03, 0. ] ] }
   - { id:144, corners:[ [ -3.0485752969980240e-02,
       -1.2840488925576210e-02, 3.2489281147718430e-04 ], [
       -1.2500216253101826e-02, -1.2811308726668358e-02,
       -3.9596209535375237e-04 ], [ -1.2462665326893330e-02,
       -3.0810063704848289e-02, -1.8766666471492499e-04 ], [
       -3.0448202043771744e-02, -3.0839243903756142e-02,
       5.3318822756409645e-04 ] ] }
   - { id:153, corners:[ [ -5.2282147109508514e-02,
       9.0687312185764313e-03, 1.3785931514576077e-03 ], [
       -3.4306749701499939e-02, 9.1352704912424088e-03,
       4.4022724614478648e-04 ], [ -3.4241802990436554e-02,
       -8.8645834475755692e-03, 4.0796332177706063e-04 ], [
       -5.2217200398445129e-02, -8.9311227202415466e-03,
       1.3463292270898819e-03 ] ] }
   - { id:159, corners:[ [ -3.0638493597507477e-02,
       3.1000055372714996e-02, 8.5125921759754419e-04 ], [
       -1.2652882374823093e-02, 3.1011715531349182e-02,
       1.3181245594751090e-04 ], [ -1.2655104510486126e-02,
       1.3015064410865307e-02, -2.1537649445235729e-04 ], [
       -3.0640717595815659e-02, 1.3003406114876270e-02,
       5.0407025264576077e-04 ] ] }
   - { id:161, corners:[ [ -5.1870785653591156e-02,
       -3.4691542387008667e-02, 1.3830317184329033e-03 ], [
       -3.3879719674587250e-02, -3.4569464623928070e-02,
       8.2927139010280371e-04 ], [ -3.3750213682651520e-02,
       -5.2567400038242340e-02, 1.0690267663449049e-03 ], [
       -5.1741279661655426e-02, -5.2689477801322937e-02,
       1.6227870946750045e-03 ] ] }
   - { id:166, corners:[ [ 1.2931200675666332e-02,
       -3.4886814653873444e-02, 9.9609605967998505e-05 ], [
       3.0929658561944962e-02, -3.4796923398971558e-02,
       3.1717465026304126e-04 ], [ 3.1012427061796188e-02,
       -5.2787199616432190e-02, 9.0286554768681526e-04 ], [
       1.3013969175517559e-02, -5.2877090871334076e-02,
       6.8530050339177251e-04 ] ] }
   - { id:177, corners:[ [ -5.2371889352798462e-02,
       7.4989609420299530e-02, 3.2296706922352314e-03 ], [
       -3.4407675266265869e-02, 7.5172513723373413e-02,
       2.1100437734276056e-03 ], [ -3.4274056553840637e-02,
       5.7190515100955963e-02, 1.3163965195417404e-03 ], [
       -5.2238270640373230e-02, 5.7007614523172379e-02,
       2.4360234383493662e-03 ] ] }
   - { id:209, corners:[ [ -9.0131955221295357e-03,
       3.0923534184694290e-02, 5.2846159087494016e-04 ], [
       8.9849503710865974e-03, 3.0879024416208267e-02,
       7.8295636922121048e-04 ], [ 8.9474497362971306e-03,
       1.2885867618024349e-02, 2.8807029593735933e-04 ], [
       -9.0506961569190025e-03, 1.2930379249155521e-02,
       3.3575517591089010e-05 ] ] }
   - { id:214, corners:[ [ 1.2630878947675228e-02,
       -1.2932086363434792e-02, 3.1141855288296938e-04 ], [
       3.0622269958257675e-02, -1.2871501967310905e-02,
       8.6471112444996834e-04 ], [ 3.0686851590871811e-02,
       -3.0870923772454262e-02, 7.3561409953981638e-04 ], [
       1.2695460580289364e-02, -3.0931508168578148e-02,
       1.8232152797281742e-04 ] ] }
   - { id:219, corners:[ [ 1.2485863640904427e-02,
       8.9317532256245613e-03, 5.9900199994444847e-04 ], [
       3.0459269881248474e-02, 8.9288568124175072e-03,
       1.5770685859024525e-03 ], [ 3.0474653467535973e-02,
       -9.0680001303553581e-03, 1.2410790659487247e-03 ], [
       1.2501247227191925e-02, -9.0651037171483040e-03,
       2.6301247999072075e-04 ] ] }
   - { id:227, corners:[ [ -3.0309213325381279e-02,
       -3.4717459231615067e-02, 5.1063706632703543e-04 ], [
       -1.2322932481765747e-02, -3.4683924168348312e-02,
       -1.9120643264614046e-04 ], [ -1.2269256636500359e-02,
       -5.2676450461149216e-02, 3.2468538847751915e-04 ], [
       -3.0255537480115891e-02, -5.2709985524415970e-02,
       1.0265288874506950e-03 ] ] }
   - { id:229, corners:[ [ 1.2698328122496605e-02,
       7.5328037142753601e-02, 2.8328308835625648e-03 ], [
       3.0694216489791870e-02, 7.5270868837833405e-02,
       3.2132056076079607e-03 ], [ 3.0660757794976234e-02,
       5.7305593043565750e-02, 2.0962399430572987e-03 ], [
       1.2664869427680969e-02, 5.7362757623195648e-02,
       1.7158652190119028e-03 ] ] }
   - { id:237, corners:[ [ -3.0615983530879021e-02,
