%YAML:1.0
---
image_width: 1280
image_height: 720
camera_matrix: !!opencv-matrix
   rows: 3
   cols: 3
   dt: f
   data: [ 7.61958069e+02, 0., 6.39501587e+02, 0., 7.61276245e+02,
       3.18928528e+02, 0., 0., 1. ]
distortion_coefficients: !!opencv-matrix
   rows: 1
   cols: 5
   dt: f
   data: [ 1.89659417e-01, -4.50632155e-01, -1.47236581e-03,
       -2.93418556e-03, 2.35652685e-01 ]
