%YAML:1.0
---
aruco_bc_dict: ARUCO_MIP_36h12
aruco_bc_nmarkers: 11
aruco_bc_mInfoType: 1
aruco_bc_markers:
   - { id:0, corners:[ [ 2.3697996512055397e-02, -1.3030968606472015e-02,
       -2.8351597487926483e-02 ], [ 2.6354789733886719e-02,
       3.8830544799566269e-03, -2.2796664386987686e-02 ], [
       1.8954822793602943e-02, 1.0040516033768654e-02,
       -3.8006074726581573e-02 ], [ 1.6298029571771622e-02,
       -6.8735070526599884e-03, -4.3561007827520370e-02 ] ] }
   - { id:1, corners:[ [ 1.2864597141742706e-02, -1.1938425712287426e-02,
       -4.3567307293415070e-02 ], [ -2.7052257210016251e-03,
       -1.9731754437088966e-02, -3.9001718163490295e-02 ], [
       4.6697850339114666e-03, -2.5448400527238846e-02,
       -2.3609213531017303e-02 ], [ 2.0239608362317085e-02,
       -1.7655072733759880e-02, -2.8174804523587227e-02 ] ] }
   - { id:2, corners:[ [ 2.1433806046843529e-02, -1.6905436292290688e-02,
       -2.4710867553949356e-02 ], [ 9.8937507718801498e-03,
       -2.1424703299999237e-02, -1.1657004244625568e-02 ], [
       1.4667930081486702e-02, -6.7680943757295609e-03,
       -2.3623285815119743e-03 ], [ 2.6207985356450081e-02,
       -2.2488273680210114e-03, -1.5416190959513187e-02 ] ] }
   - { id:3, corners:[ [ 2.6436459273099899e-02, 1.9989600405097008e-03,
       -1.5127228572964668e-02 ], [ 1.4873499982059002e-02,
       6.7905439063906670e-03, -2.1912837401032448e-03 ], [
       1.0124661028385162e-02, 2.1255519241094589e-02,
       -1.1794043704867363e-02 ], [ 2.1687619388103485e-02,
       1.6463935375213623e-02, -2.4729989469051361e-02 ] ] }
   - { id:4, corners:[ [ 1.9829366356134415e-02, 1.8019516021013260e-02,
       -2.8119087219238281e-02 ], [ 4.4830087572336197e-03,
       2.5879900902509689e-02, -2.2951530292630196e-02 ], [
       -3.5661691799759865e-03, 2.0024601370096207e-02,
       -3.7949070334434509e-02 ], [ 1.1780187487602234e-02,
       1.2164216488599777e-02, -4.3116629123687744e-02 ] ] }
   - { id:5, corners:[ [ 1.0773956775665283e-02, 9.4751687720417976e-03,
       -4.5369680970907211e-02 ], [ -7.2168130427598953e-03,
       8.9022731408476830e-03, -4.5432560145854950e-02 ], [
       -6.6421721130609512e-03, -9.0789934620261192e-03,
       -4.6018894761800766e-02 ], [ 1.1348597705364227e-02,
       -8.5060978308320045e-03, -4.5956015586853027e-02 ] ] }
   - { id:6, corners:[ [ -1.9459601491689682e-02,
       -1.7044618725776672e-02, -2.1758804097771645e-02 ], [
       -7.5869392603635788e-03, -2.1256765350699425e-02,
       -3.4615620970726013e-02 ], [ -1.2413569726049900e-02,
       -6.5956590697169304e-03, -4.3876051902770996e-02 ], [
       -2.4286231026053429e-02, -2.3835133761167526e-03,
       -3.1019235029816628e-02 ] ] }
   - { id:7, corners:[ [ -2.4216696619987488e-02, 2.0912112668156624e-03,
       -3.0405210331082344e-02 ], [ -1.2637945823371410e-02,
       6.7913867533206940e-03, -4.3360553681850433e-02 ], [
       -7.8975372016429901e-03, 2.1321453154087067e-02,
       -3.3852361142635345e-02 ], [ -1.9476287066936493e-02,
       1.6621276736259460e-02, -2.0897017791867256e-02 ] ] }
   - { id:8, corners:[ [ -1.7482813447713852e-02, 1.8227074295282364e-02,
       -1.7529798671603203e-02 ], [ -1.8686745315790176e-03,
       2.5893069803714752e-02, -2.2159174084663391e-02 ], [
       5.4408004507422447e-03, 2.0359467715024948e-02,
       -6.6688279621303082e-03 ], [ -1.0173339396715164e-02,
       1.2693473137915134e-02, -2.0394539460539818e-03 ] ] }
   - { id:9, corners:[ [ -8.9999996125698090e-03, 8.9999996125698090e-03,
       0. ], [ 8.9999996125698090e-03, 8.9999996125698090e-03, 0. ], [
       8.9999996125698090e-03, -8.9999996125698090e-03, 0. ], [
       -8.9999996125698090e-03, -8.9999996125698090e-03, 0. ] ] }
   - { id:10, corners:[ [ -1.0205745697021484e-02,
       -1.2718625366687775e-02, -2.4644611403346062e-03 ], [
       5.4090237244963646e-03, -2.0033678039908409e-02,
       -7.6286597177386284e-03 ], [ -2.1858569234609604e-03,
       -2.5354452431201935e-02, -2.3056138306856155e-02 ], [
       -1.7800625413656235e-02, -1.8039399757981300e-02,
       -1.7891939729452133e-02 ] ] }
