%YAML:1.0
---
pentip_position: !!opencv-matrix
   rows: 4
   cols: 4
   dt: f
   data: [ 1., 0., 0., -1.10601420e-02, 0., 1., 0., -5.60783222e-03, 0.,
       0., 1., -3.13416608e-02, 0., 0., 0., 1. ]
