%YAML:1.0
---
aruco_bc_dict: ARUCO_MIP_36h12
aruco_bc_nmarkers: 11
aruco_bc_mInfoType: 1
aruco_bc_markers:
   - { id:0, corners:[ [ 2.7701767161488533e-02, 9.0295530389994383e-04,
       -1.9798681139945984e-02 ], [ 2.1535927429795265e-02,
       1.1777157895267010e-02, -3.2749902456998825e-02 ], [
       1.6972607001662254e-02, -2.5665545836091042e-03,
       -4.2620766907930374e-02 ], [ 2.3138446733355522e-02,
       -1.3440757058560848e-02, -2.9669545590877533e-02 ] ] }
   - { id:1, corners:[ [ 2.2292155772447586e-02, -1.6544891521334648e-02,
       -2.4383772164583206e-02 ], [ 1.0478744283318520e-02,
       -2.1311055868864059e-02, -1.1666581034660339e-02 ], [
       1.4917592518031597e-02, -6.7366617731750011e-03,
       -2.0809844136238098e-03 ], [ 2.6731004938483238e-02,
       -1.9704988226294518e-03, -1.4798175543546677e-02 ] ] }
   - { id:2, corners:[ [ 2.6493731886148453e-02, 1.8569016829133034e-03,
       -1.4224204234778881e-02 ], [ 1.4559123665094376e-02,
       6.8753501400351524e-03, -1.7189951613545418e-03 ], [
       1.0209109634160995e-02, 2.1250993013381958e-02,
       -1.1639592237770557e-02 ], [ 2.2143717855215073e-02,
       1.6232542693614960e-02, -2.4144802242517471e-02 ] ] }
   - { id:3, corners:[ [ 2.0309077575802803e-02, 1.7495075240731239e-02,
       -2.7877287939190865e-02 ], [ 4.8942575231194496e-03,
       2.5537053123116493e-02, -2.3217899724841118e-02 ], [
       -2.6738382875919342e-03, 1.9914424046874046e-02,
       -3.8551196455955505e-02 ], [ 1.2740981765091419e-02,
       1.1872446164488792e-02, -4.3210580945014954e-02 ] ] }
   - { id:4, corners:[ [ 1.1373685672879219e-02, 8.8178664445877075e-03,
       -4.5274127274751663e-02 ], [ -6.6163465380668640e-03,
       9.0947113931179047e-03, -4.5805227011442184e-02 ], [
       -6.9159660488367081e-03, -8.8860448449850082e-03,
       -4.5028936117887497e-02 ], [ 1.1074066162109375e-02,
       -9.1628897935152054e-03, -4.4497836381196976e-02 ] ] }
   - { id:5, corners:[ [ 1.2072567827999592e-02, -1.2337535619735718e-02,
       -4.3068636208772659e-02 ], [ -3.2838778570294380e-03,
       -2.0149651914834976e-02, -3.7858031690120697e-02 ], [
       4.6886438503861427e-03, -2.5718647986650467e-02,
       -2.2711243480443954e-02 ], [ 2.0045090466737747e-02,
       -1.7906531691551208e-02, -2.7921849861741066e-02 ] ] }
   - { id:6, corners:[ [ -9.4301262870430946e-03,
       -1.2570800259709358e-02, -1.7864499241113663e-03 ], [
       5.8226198889315128e-03, -2.0588755607604980e-02,
       -6.9889547303318977e-03 ], [ -2.0993817597627640e-03,
       -2.5712387636303902e-02, -2.2318346425890923e-02 ], [
       -1.7352128401398659e-02, -1.7694432288408279e-02,
       -1.7115842550992966e-02 ] ] }
   - { id:7, corners:[ [ -1.9074449315667152e-02,
       -1.6680186614394188e-02, -2.0496100187301636e-02 ], [
       -7.6084900647401810e-03, -2.1125573664903641e-02,
       -3.3640313893556595e-02 ], [ -1.2481256388127804e-02,
       -6.4503476023674011e-03, -4.2854100465774536e-02 ], [
       -2.3947214707732201e-02, -2.0049614831805229e-03,
       -2.9709888622164726e-02 ] ] }
   - { id:8, corners:[ [ -2.3853601887822151e-02, 2.4735853075981140e-03,
       -3.1089149415493011e-02 ], [ -1.2011174112558365e-02,
       7.3235468007624149e-03, -4.3747536838054657e-02 ], [
       -7.8023094683885574e-03, 2.1985806524753571e-02,
       -3.4192249178886414e-02 ], [ -1.9644737243652344e-02,
       1.7135845497250557e-02, -2.1533861756324768e-02 ] ] }
   - { id:9, corners:[ [ -1.7516762018203735e-02, 1.7822265625000000e-02,
       -1.7976418137550354e-02 ], [ -1.9030496478080750e-03,
       2.5413606315851212e-02, -2.2728625684976578e-02 ], [
       5.4171155206859112e-03, 2.0099505782127380e-02,
       -7.1666361764073372e-03 ], [ -1.0196597315371037e-02,
       1.2508164159953594e-02, -2.4144286289811134e-03 ] ] }
   - { id:10, corners:[ [ -8.9999996125698090e-03,
       8.9999996125698090e-03, 0. ], [ 8.9999996125698090e-03,
       8.9999996125698090e-03, 0. ], [ 8.9999996125698090e-03,
       -8.9999996125698090e-03, 0. ], [ -8.9999996125698090e-03,
       -8.9999996125698090e-03, 0. ] ] }
