%YAML:1.0
---
pentip_position: !!opencv-matrix
   rows: 4
   cols: 4
   dt: f
   data: [ 1., 0., 0., 1.41171075e-03, 0., 1., 0., -2.51118967e-04, 0.,
       0., 1., -2.26525795e-02, 0., 0., 0., 1. ]
