%YAML:1.0
---
pentip_position: !!opencv-matrix
   rows: 4
   cols: 4
   dt: f
   data: [ 1., 0., 0., -1.94078758e-01, 0., 1., 0., 2.29893881e-03, 0.,
       0., 1., 7.15483651e-02, 0., 0., 0., 1. ]
