%YAML:1.0
---
aruco_bc_dict: ARUCO_MIP_36h12
aruco_bc_nmarkers: 12
aruco_bc_mInfoType: 1
aruco_bc_markers:
   - { id:0, corners:[ [ -2.9163961298763752e-03,
       -2.5948040187358856e-02, -2.3987466469407082e-02 ], [
       -8.3030574023723602e-03, -1.8190450966358185e-02,
       -8.6641618981957436e-03 ], [ 8.8720284402370453e-03,
       -1.5772454440593719e-02, -3.8506723940372467e-03 ], [
       1.4258690178394318e-02, -2.3530043661594391e-02,
       -1.9173976033926010e-02 ] ] }
   - { id:1, corners:[ [ 2.2805690765380859e-02, 4.5908694155514240e-03,
       -8.5382554680109024e-03 ], [ 2.8262015432119370e-02,
       -3.1277160160243511e-03, -2.3856610059738159e-02 ], [
       2.0717844367027283e-02, -1.8644055351614952e-02,
       -1.8725460395216942e-02 ], [ 1.5261520631611347e-02,
       -1.0925469920039177e-02, -3.4071067348122597e-03 ] ] }
   - { id:2, corners:[ [ 2.3417687043547630e-02, -1.0529883205890656e-02,
       -3.7923164665699005e-02 ], [ 8.8390326127409935e-03,
       -1.5329993329942226e-02, -4.7326449304819107e-02 ], [
       4.1297301650047302e-03, -2.6722058653831482e-02,
       -3.4209921956062317e-02 ], [ 1.8708385527133942e-02,
       -2.1921947598457336e-02, -2.4806637316942215e-02 ] ] }
   - { id:3, corners:[ [ -7.4843112379312515e-03,
       -1.5435471199452877e-02, -4.7808296978473663e-02 ], [
       -2.1990142762660980e-02, -1.0941471904516220e-02,
       -3.8144715130329132e-02 ], [ -1.6958802938461304e-02,
       -2.2441854700446129e-02, -2.5244064629077911e-02 ], [
       -2.4529704824090004e-03, -2.6935853064060211e-02,
       -3.4907646477222443e-02 ] ] }
   - { id:4, corners:[ [ -2.7782654389739037e-02,
       -3.5520792007446289e-03, -2.4156004190444946e-02 ], [
       -2.2175220772624016e-02, 4.1809133253991604e-03,
       -8.8996104896068573e-03 ], [ -1.4496346935629845e-02,
       -1.1303634382784367e-02, -3.8733175024390221e-03 ], [
       -2.0103780552744865e-02, -1.9036626443266869e-02,
       -1.9129710271954536e-02 ] ] }
   - { id:5, corners:[ [ -8.9999996125698090e-03, 8.9999996125698090e-03,
       0. ], [ 8.9999996125698090e-03, 8.9999996125698090e-03, 0. ], [
       8.9999996125698090e-03, -8.9999996125698090e-03, 0. ], [
       -8.9999996125698090e-03, -8.9999996125698090e-03, 0. ] ] }
   - { id:6, corners:[ [ 2.3524645715951920e-02, 1.5125794336199760e-02,
       -1.4768145978450775e-02 ], [ 9.0397028252482414e-03,
       1.9775228574872017e-02, -5.1468592137098312e-03 ], [
       4.1189240291714668e-03, 3.1259156763553619e-02,
       -1.8104687333106995e-02 ], [ 1.8603865057229996e-02,
       2.6609724387526512e-02, -2.7725974097847939e-02 ] ] }
   - { id:7, corners:[ [ -7.8762639313936234e-03, 1.9923819229006767e-02,
       -4.9950424581766129e-03 ], [ -2.2505361586809158e-02,
       1.5161676332354546e-02, -1.4339104294776917e-02 ], [
       -1.7820434644818306e-02, 2.6542572304606438e-02,
       -2.7474043890833855e-02 ], [ -3.1913379207253456e-03,
       3.1304717063903809e-02, -1.8129982054233551e-02 ] ] }
   - { id:8, corners:[ [ -2.8540529310703278e-02, 8.0598331987857819e-03,
       -2.8681214898824692e-02 ], [ -2.3040704429149628e-02,
       5.3157005459070206e-04, -4.4078525155782700e-02 ], [
       -1.5297328121960163e-02, 1.6049178317189217e-02,
       -4.8899721354246140e-02 ], [ -2.0797152072191238e-02,
       2.3577440530061722e-02, -3.3502411097288132e-02 ] ] }
   - { id:9, corners:[ [ -9.2191351577639580e-03,
       -4.3097455054521561e-03, -5.2979059517383575e-02 ], [
       8.7767029181122780e-03, -3.9367377758026123e-03,
       -5.3082212805747986e-02 ], [ 8.4034027531743050e-03,
       1.4059320092201233e-02, -5.3132437169551849e-02 ], [
       -9.5924353227019310e-03, 1.3686312362551689e-02,
       -5.3029283881187439e-02 ] ] }
   - { id:10, corners:[ [ 2.2766504436731339e-02, 4.3191947042942047e-05,
       -4.4604413211345673e-02 ], [ 2.8567962348461151e-02,
       7.4760513380169868e-03, -2.9271582141518593e-02 ], [
       2.1083213388919830e-02, 2.3138564079999924e-02,
       -3.4032270312309265e-02 ], [ 1.5281756408512592e-02,
       1.5705704689025879e-02, -4.9365103244781494e-02 ] ] }
   - { id:11, corners:[ [ 9.1074677184224129e-03, 2.2803781554102898e-02,
       -4.4750936329364777e-02 ], [ 3.6022076383233070e-03,
       3.0493132770061493e-02, -2.9435388743877411e-02 ], [
       -1.3535234145820141e-02, 2.8033914044499397e-02,
       -3.4360855817794800e-02 ], [ -8.0299740657210350e-03,
       2.0344562828540802e-02, -4.9676403403282166e-02 ] ] }
